state_machine_by_code/SM_master/OpComm: 1 : 0.001000000000000 : 0.001000000000000 : 1 : 0 : [3]
state_machine_by_code/SC_console/OpComm: 1 : 0.000000000000000 : 0.000000000000000 : 1 : 0 : [0]
SampleTime=0.001000000000000
