batch_events_3_supervisors/SM_master/OpComm: 3,3,3 : 0.001000000000000 : 0.001000000000000, 0.001000000000000, 0.001000000000000 : 1 : 0 : [14,23,36,14,32,36,14,32,36]
batch_events_3_supervisors/SC_console/OpComm: 1,1,1 : 0.000000000000000 : 0.000000000000000, 0.000000000000000, 0.000000000000000 : 1 : 0 : [0,0,0]
SampleTime=0.001000000000000
